client_mask_proportions_sum:
 [0.24169555089680875, 0.24178872583275096, 0.241788725832751, 0.27472699743768925]
client_mask_id_proportions:
 [[0.018518518518518517, 0.125, 0.02, 0.018518518518518517, 0.25, 0.25, 0.25, 0.9433962264150944, 0.25, 0.25, 0.25, 0.25, 0.25, 0.25, 0.25], [0.018518518518518517, 0.125, 0.02, 0.9444444444444444, 0.25, 0.25, 0.25, 0.018867924528301886, 0.25, 0.25, 0.25, 0.25, 0.25, 0.25, 0.25], [0.9444444444444444, 0.125, 0.02, 0.018518518518518517, 0.25, 0.25, 0.25, 0.018867924528301886, 0.25, 0.25, 0.25, 0.25, 0.25, 0.25, 0.25], [0.018518518518518517, 0.625, 0.94, 0.018518518518518517, 0.25, 0.25, 0.25, 0.018867924528301886, 0.25, 0.25, 0.25, 0.25, 0.25, 0.25, 0.25]]
client_modal_weight:
 [[0.09756097 0.22222222 0.4488189  0.4351145 ]
 [0.70731705 0.22222222 0.06299213 0.0610687 ]
 [0.09756097 0.22222222 0.06299213 0.4427481 ]
 [0.09756097 0.33333334 0.42519686 0.0610687 ]]
client_1:clinet_modal_num : [ 8.  8. 57. 57.]
 mask_id_count : [1, 1, 1, 1, 1, 1, 1, 50, 1, 1, 1, 1, 1, 1, 1]
client_2:clinet_modal_num : [58.  8.  8.  8.]
 mask_id_count : [1, 1, 1, 51, 1, 1, 1, 1, 1, 1, 1, 1, 1, 1, 1]
client_3:clinet_modal_num : [ 8.  8.  8. 58.]
 mask_id_count : [51, 1, 1, 1, 1, 1, 1, 1, 1, 1, 1, 1, 1, 1, 1]
client_4:clinet_modal_num : [ 8. 12. 54.  8.]
 mask_id_count : [1, 5, 47, 1, 1, 1, 1, 1, 1, 1, 1, 1, 1, 1, 1]

Client 0:Unique mask_ids: [0, 1, 2, 3, 4, 5, 6, 7, 8, 9, 10, 11, 12, 13, 14]
Counts: [ 1  1  1  1  1  1  1 50  1  1  1  1  1  1  1]
Total samples: 64
Distribution entropy: 1.103
Modal counts: FLAIR:8, T1:8, T1CE:57, T2:57
Miss modal ratio: 0.875,0.875,0.109,0.109

Client 1:Unique mask_ids: [0, 1, 2, 3, 4, 5, 6, 7, 8, 9, 10, 11, 12, 13, 14]
Counts: [ 1  1  1 51  1  1  1  1  1  1  1  1  1  1  1]
Total samples: 65
Distribution entropy: 1.089
Modal counts: FLAIR:58, T1:8, T1CE:8, T2:8
Miss modal ratio: 0.108,0.877,0.877,0.877

Client 2:Unique mask_ids: [0, 1, 2, 3, 4, 5, 6, 7, 8, 9, 10, 11, 12, 13, 14]
Counts: [51  1  1  1  1  1  1  1  1  1  1  1  1  1  1]
Total samples: 65
Distribution entropy: 1.089
Modal counts: FLAIR:8, T1:8, T1CE:8, T2:58
Miss modal ratio: 0.877,0.877,0.877,0.108

Client 3:Unique mask_ids: [0, 1, 2, 3, 4, 5, 6, 7, 8, 9, 10, 11, 12, 13, 14]
Counts: [ 1  5 47  1  1  1  1  1  1  1  1  1  1  1  1]
Total samples: 65
Distribution entropy: 1.267
Modal counts: FLAIR:8, T1:12, T1CE:54, T2:8
Miss modal ratio: 0.877,0.815,0.169,0.877
